ground_truth_path: "/home/lyh/dataset/groundtruth_kitti/dataset/poses/kitti08/004.txt"
lidar_path_: "/home/lyh/dataset/data_velodyne/08/velodyne/"
image_path_: "/home/lyh/dataset/data_color/08/image_2/"
result_path: "/home/lyh/experiment/kitti/kitti_color/kitti08/kitti_004.pcd"

R_velo_cam: [7.027555e-03, -9.999753e-01, 2.599616e-05,
             -2.254837e-03, -4.184312e-05, -9.999975e-01,
              9.999728e-01, 7.027479e-03, -2.255075e-03]
t_velo_cam: [-7.137748e-03, -7.482656e-02, -3.336324e-01]

R_rect_00: [9.999280e-01, 8.085985e-03, -8.866797e-03,
           -8.123205e-03, 9.999583e-01, -4.169750e-03,
            8.832711e-03, 4.241477e-03, 9.999520e-01]
P2: [7.070912e+02, 0.000000e+00, 6.018873e+02,
 4.688783e+01, 0.000000e+00, 7.070912e+02,
  1.831104e+02, 1.178601e-01, 0.000000e+00,
   0.000000e+00, 1.000000e+00, 6.203223e-03]
