ground_truth_path: "/home/lyh/dataset/groundtruth_kitti/dataset/poses/00.txt"
lidar_path: "/home/lyh/dataset/kitti_00/velodyne_points/data/"
image_path: "/home/lyh/dataset/kitti_00/image_02/data/"
result_path: "/home/lyh/experiment/kitti/kitti_color/real_time/"

R_velo_cam: [7.027555e-03, -9.999753e-01, 2.599616e-05,
           -2.254837e-03, -4.184312e-05, -9.999975e-01,
            9.999728e-01, 7.027479e-03, -2.255075e-03]
t_velo_cam: [-7.137748e-03, -7.482656e-02, -3.336324e-01]

R_rect_00: [9.999280e-01, 8.085985e-03, -8.866797e-03,
           -8.123205e-03, 9.999583e-01, -4.169750e-03,
            8.832711e-03, 4.241477e-03, 9.999520e-01]

P2: [7.070912e+02, 0.000000e+00, 6.018873e+02,
 4.688783e+01, 0.000000e+00, 7.070912e+02,
  1.831104e+02, 1.178601e-01, 0.000000e+00,
   0.000000e+00, 1.000000e+00, 6.203223e-03]

# R_velo_cam: [7.533745000000e-03,-9.999714000000e-01,-6.166020000000e-04,
#     1.480249000000e-02,7.280733000000e-04,-9.998902000000e-01,
#     9.998621000000e-01,7.523790000000e-03,1.480755000000e-02]
# P2: [7.215377000000e+02,0.000000000000e+00,6.095593000000e+02,4.485728000000e+01,
#     0.000000000000e+00,7.215377000000e+02,1.728540000000e+02,2.163791000000e-01,
#     0.000000000000e+00,0.000000000000e+00,1.000000000000e+00,2.745884000000e-03]
# t_velo_cam: [-4.069766000000e-03, -7.631618000000e-02, -2.717806000000e-01]
# R_rect_00: [9.999239000000e-01,9.837760000000e-03,-7.445048000000e-03,
#     -9.869795000000e-03,9.999421000000e-01,-4.278459000000e-03,
#     7.402527000000e-03,4.351614000000e-03,9.999631000000e-01]
